**************************************************************************************
         00			 0	        0   0            0       0         
        00		   00000000000000       0   0           0       0000000    
       00 00000000         00	  	       0000000000      0000000 0  0  0     
      00       00       0  00   00000         0    0          0       0    00      
    000000000000000	 0 00  0     0       0     0         0  000000 00  0  000   
    0      0      0	 0 00 0       00   0000000000000000       0     0000000    
    000000000000000	0  00  000000	         00 00         0000000     0       
      	 00 00		   00	 0 0            00  00            0     0000000    
        00  00		  00	  0            00   00     0      0  0     0       
      00     00    0	 00     00  00        00    00     0      0 0 00000000000  
    00        000000   00   000      0000   00       0000000      0        0       
--------------------------------------------------------------------------------------
                  制作人：               
--------------------------------------------------------------------------------------
                  1 :开始探索         2 :继续斗争        3 :暂停治疗          
--------------------------------------------------------------------------------------